1997   49   11060
4098   45   34837
4327   49   70948
27820   41   1046931
30593   61   2302086
291382   55   65554805
2407   49   10786
9198   47   65741
3443   49   14635
3665   45   30361
2705   57   17521
11266   55   142107
3822   55   23356
25869   51   574822
5850   59   25903
55374   51   549124
2187   47   12485
14839   45   147490
15364   51   457876
65843   55   970647
593   51   1871
552   49   1675
3109   51   9642
4734   55   20253
1432   53   5765
2303   43   6943
1289   57   8020
36998   55   374024
36299   57   712043
4876   39   68273
9709   39   90468
6758   43   70733
7845   35   60053
270   25   1444
217   25   1156
19323   53   383068
117685   51   3394812
4235   37   30115
3858   51   22568
5674   47   37175
21813   53   456079
44188   53   1140352
7312   53   71956
7751   41   55506
2188   39   13371
4550   31   15840
427   27   1185
469   27   1520
5966   63   29605
41125   55   430305
